#nr eval_cost runned compiled average_cost average_time name
  0    5   1247    587     4.9960    88.2117 add 256 to opcode
  1    6      0     10     0.0000     0.0000 random
  2    6      0      0     0.0000     0.0000 indirect
  3    5      0      0     0.0000     0.0000 dup
  4    7      0      0     0.0000     0.0000 add 512 to opcode
  5    6   4080   1001     6.0772   129.9020 mark
  6    5      0      0     0.0000     0.0000 expunge
  7    7     32    111     7.0000   312.5000 pop_n_elems
  8   53    281    199    53.0000   106.7616 pop
  9  343      0      0     0.0000     0.0000 write_opcode
 10    5   1358    384     5.0000   213.5493 byte
 11    7      0      0     0.0000     0.0000 dump_heart_beat_data
 12    8    442    116     8.0000   158.3710 push_indexed_lvalue
 13   11      0      0     0.0000     0.0000 add_1024
 14    8    173     55     8.0000   404.6243 push simulated efun
 15    3     81     45     3.0000   864.1975 sum
 16    7   2909    534     7.0000   178.7556 branch when zero
 17    9    778    472     9.0000   128.5347 branch
 18    7     38      2     7.0000  1052.6316 cast_to_regexp
 19    4      0      0     0.0000     0.0000 add 768 to opcode
 20    9     42     23     9.0000   238.0952 /
 21    6      0      0     0.0000     0.0000 dump_prog_table_data
 22    5     93     41     5.0000   537.6344 range
 23   11   2126    446    11.0000   197.5541 index
 24   24      0      0     0.0000     0.0000 short_branch
 25    9    117     59     9.0000   170.9402 &&
 26    8    625     66     8.0000   192.0000 push_global_lvalue
 27    5    506    251     5.0000   138.3399 const1
 28    6     65     23     6.0000   461.5385 branch non zero
 29    8     18     15     8.0000     0.0000 %
 30    8      8     11     8.0000     0.0000 number
 31    8      0      0     0.0000     0.0000 dump_malloc_data
 32   23      9     12    23.0000 34444.4453 clone_object
 33   32   8026   2050    32.0193   149.5141 local
 34   35      0      0     0.0000     0.0000 short_branch_when_non_zero
 35    2     11     20     2.0000     0.0000 push_ltosval
 36    7    338     51     7.0000   147.9290 short_constant
 37    7      0      0     0.0000     0.0000 compl
 38    5   2974    337     5.0235   181.5736 global
 39    2     57     11     2.0000     0.0000 negate
 40    2      0      0     0.0000     0.0000 add X*256 to opcode
 41   30      0      0     0.0000     0.0000 ++x
 42   11    570    246    11.0000   210.5263 string
 43    8    108     39     8.0000   185.1852 push_ltosval2
 44   11     14     11    11.0000     0.0000 *
 45    9      0      0     0.0000     0.0000 push_cost
 46   54      0      0     0.0000     0.0000 l_delete
 47   31      0      0     0.0000     0.0000 push_array
 48    5      6      3     5.0000     0.0000 --x
 49    4     58      4     4.0000  1551.7241 move_object
 50    4     96     47     4.1042   104.1667 const-1
 51   20    299     70    20.0000   668.8963 -
 52    4     10     10     4.0000     0.0000 >=
 53   89     89     16    89.0000 10112.3594 (object)
 54   10     20     36    10.0000     0.0000 x-- and pop
 55    5      0      0     0.0000     0.0000 is_equal
 56    2      2      6     2.0000     0.0000 (int)
 57    3     46     21     3.0000   217.3913 !
 58   20      0      0     0.0000     0.0000 swap on stack
 59    3      0      0     0.0000     0.0000 x--
 60    8    408    153     8.0000    73.5294 assign_global_and_pop
 61   66      8     18    66.0000     0.0000 add_int
 62  377    477    344   377.0000   503.1447 +
 63    4      0      0     0.0000     0.0000 first_inventory
 64    1     64     38     1.0000   156.2500 <
 65  187    303     20   187.0000    99.0099 short
 66   35     29     22    35.0000   689.6552 tailrecurse
 67    5   3395    927     4.7270   179.6760 short_string
 68   10      6      3    10.0000     0.0000 <<
 69   66    279     72    66.0000   358.4229 sscanf
 70  351      0      0     0.0000     0.0000 constant
 71   41      0      0     0.0000     0.0000 short_branch_when_zero
 72  218    374     71   218.0000   106.9519 short_constant_function
 73   36    103      4    36.0000   194.1748 neg_byte
 74    1    546    160     1.0000   183.1502 get_function
 75    6    611     37     6.0000   229.1326 assign_local
 76   13    869    260    13.0000   253.1646 call_function
 77    1      0      0     0.0000     0.0000 clone_number
 78    7   3565    630     7.0000   165.4979 const0
 79    7      0      0     0.0000     0.0000 make_object
 80    1      0      0     0.0000     0.0000 constant function
 81   28      3      6    28.0000     0.0000 destruct
 82   22    367     29    22.0000    54.4959 foreach
 83   23      0      0     0.0000     0.0000 asin
 84 1000      3      6  1000.0000     0.0000 assign_global
 85   12      0      4     0.0000     0.0000 swap
 86   56    545    344    56.0000   110.0917 push_local_lvalue
 87    1    893    405     1.0000    89.5857 assign_local_and_pop
 88   15    317     54    15.0000   126.1830 !=
 89   42      0      0     0.0000     0.0000 rmdir
 90    1      0      0     0.0000     0.0000 query_num_arg
 91    1     20      1     1.0000   500.0000 function_name
 92    1      6     20     1.0000     0.0000 x++ and pop
 93 1000      0      0     0.0000     0.0000 function_exists
 94    1      0      6     0.0000     0.0000 write_file
 95    1      0      2     0.0000     0.0000 assign
 96    1      0      0     0.0000     0.0000 socket_from_stdin
 97 1000    638    122  1000.0000   219.4357 this_object
 98   53    549    158    53.0000   255.0091 assign_and_pop
 99    1    266     57     1.0000   150.3759 environment
100    1   2427    716  -807.4491  1318.5002 return
101    1    332      1     1.0000   150.6024 or
102    1      0      2     0.0000     0.0000 hash_name
103    1      0      0     0.0000     0.0000 dec_neq_loop
104    1      0      0     0.0000     0.0000 catch
105  212    755    141   212.0000   198.6755 ==
106  106      0      1     0.0000     0.0000 deep_inventory
107    1   1932      0     2.5016  7220.4971 dumb return
108    1     67      7     1.0000   149.2537 and
109    1      0      0     0.0000     0.0000 next_inventory
110    1     95      1     1.0000   315.7895 set_this_player
111    1      0      0     0.0000     0.0000 socket_acquire
112    1      0      0     0.0000     0.0000 set_socket_read
113    1      0      0     0.0000     0.0000 top_cpu
114    1      1      0     1.0000     0.0000 l_aggregate
115    1    216     16     1.0000     0.0000 previous_object
116    1    442     27     1.0000   113.1222 switch
117    1      0      3     0.0000     0.0000 master
118    1      0      0     0.0000     0.0000 created
119    1      0      0     0.0000     0.0000 dump_string_data
120    1      0      0     0.0000     0.0000 previous_objects
121    1      0      0     0.0000     0.0000 initiating_object
122    1      0      0     0.0000     0.0000 >>
123    1      8     17     1.0000     0.0000 >
124 1000      0      1     0.0000     0.0000 xor
125 1000      0      0     0.0000     0.0000 next_clone
126  212      0      1     0.0000     0.0000 object_cpu
127  212    279     15   212.0000   215.0538 all_inventory
128  425    344     40   425.0000   145.3488 ||
129  850     13      9   850.0000   769.2308 file_name
130    1      0      0     0.0000     0.0000 function_args
131    1     20      1     1.0000   500.0000 add_simul_efun
132    1    244     13     1.0000   245.9016 stringp
133    1      0      0     0.0000     0.0000 find_object
134  425      1      1   425.0000     0.0000 get_function_list
135    1      0      0     0.0000     0.0000 inherit_list
136    1      0      0     0.0000     0.0000 inc_neq_loop
137   10    237    118    10.0000   168.7764 sizeof
138   10     38      3   711.3947 23157.8945 regexp
139   10     12     11    10.0000     0.0000 member_array
140   10      0      0     0.0000     0.0000 file_length
141   10      0      0     0.0000     0.0000 fuzzymatch
142   10      0      0     0.0000     0.0000 get_dir
143   10      2      1    10.0000 1335000.0000 sort_array
144   10     15      4    10.0000     0.0000 filter_array
145   10      0      0     0.0000     0.0000 sum_arrays
146   10    699    122    10.0000   200.2861 aggregate
147   10      4      6    10.0000  2500.0000 read_bytes
148   10      0      0     0.0000     0.0000 find_shortest_path
149   10      0      0     0.0000     0.0000 decode_value
150   10      0      0     0.0000     0.0000 hash
151   10    216     22    10.0000   138.8889 map_array
152   10      0      0     0.0000     0.0000 file_stat
153   10      0      0     0.0000     0.0000 m_get_default
154   10      2      1    10.0000     0.0000 seteuid
155   10      0      0     0.0000     0.0000 sum_mappings
156   10      0      0     0.0000     0.0000 m_cleanup
157   10     57      2    10.0000   175.4386 query_verb
158   10     50     12    10.0000  6000.0000 explode
159   10    309     14    10.0000  1035.5988 add_action
160   10      0      0     0.0000     0.0000 disable_commands
161   10      3      3    10.0000  3333.3333 save_object
162   10      0      0     0.0000     0.0000 living
163   10      3      5    10.0000     0.0000 m_delete
164   10     29     21    10.0000     0.0000 strlen
165   10      0      0     0.0000     0.0000 code_value
166   10     49      5    10.0000   204.0816 m_sizeof
167   10      0      0     0.0000     0.0000 mkdir
168   10      0      0     0.0000     0.0000 write_bytes
169   10      0      0     0.0000     0.0000 export_uid
170   10      0      1     0.0000     0.0000 rename
171   10      2      3    10.0000     0.0000 file_size
172   10      0      0     0.0000     0.0000 filter_mapping
173   10      0      2     0.0000     0.0000 map_mapping
174   10      2      3    10.0000     0.0000 read_file
175   10      0      1     0.0000     0.0000 rm
176   10      0      0     0.0000     0.0000 acos
177   10      0      2     0.0000     0.0000 mappingp
178   10      0      0     0.0000     0.0000 m_set_default
179   10      0      0     0.0000     0.0000 solidify_mapping
180   10      0      0     0.0000     0.0000 mklist
181   10      0      0     0.0000     0.0000 cos
182   10      0      2     0.0000     0.0000 function_object
183   10      0      0     0.0000     0.0000 query_actions
184   10    127      0    10.0000   787.4016 m_aggregate
185   10      0      0     0.0000     0.0000 this_function
186   10      3      3    10.0000     0.0000 enable_commands
187   10      0      0     0.0000     0.0000 log
188   10      0      0     0.0000     0.0000 m_list
189   10      0      0     0.0000     0.0000 sin
190   10      0      0     0.0000     0.0000 upper_case
191   10    134     16    10.0000  1865.6716 m_indices
192   10      1      2    10.0000     0.0000 listp
193   10      0      0     0.0000     0.0000 l_sizeof
194   10      0      4     0.0000     0.0000 indices
195   10      0      0     0.0000     0.0000 tan
196   10     75      2    10.0000  2266.6667 command
197   10      0      1     0.0000     0.0000 combine_path
198   10      0      0     0.0000     0.0000 pow
199   10      0      0     0.0000     0.0000 update
200   10      0      0     0.0000     0.0000 exp
201   10      0      0     0.0000     0.0000 floor
202   10    212     47  -213.5849  2216.9812 this_player
203   10     20      1    10.0000     0.0000 getuid
204   10      1      1    10.0000 10000.0000 socket_create
205   10      1      1    10.0000     0.0000 socket_bind
206   10     14     19    10.0000     0.0000 capitalize
207   10    314     55    10.0000   509.5541 replace
208   10      0      3     0.0000     0.0000 m_values
209   10      2      1    10.0000     0.0000 socket_accept
210   10      0      0     0.0000     0.0000 socket_connect
211   10    103      1    10.0000   776.6990 socket_write
212   10      2      1    10.0000     0.0000 socket_close
213   10    165     47    10.0000    60.6061 get_lfun
214   10      0      2     0.0000     0.0000 --Loop
215   10     48     19    10.0000   416.6667 ++Loop
216   10      0      1     0.0000     0.0000 (function)
217   10      0      0     0.0000     0.0000 (float)
218   10      0      0     0.0000     0.0000 array_of_index
219   10     23      9    10.0000     0.0000 (string)
220   10      0      0     0.0000     0.0000 socket_release
221   10      0      0     0.0000     0.0000 set_socket_write
222   10      0      0     0.0000     0.0000 set_socket_close
223   10      0      0     0.0000     0.0000 set_socket_mode
224   10      0      2     0.0000     0.0000 socket_error
225   10      2      1    10.0000     0.0000 socket_address
226   10      0      0     0.0000     0.0000 socket_port
227   10    776     47    30.6959   219.0722 allocate
228   10     79     16    13.0127  6835.4429 sprintf
229   10      0      0     0.0000     0.0000 dump_socket_status
230   10     10      5    10.0000     0.0000 <=
231   10      0      0     0.0000     0.0000 dumpallobj
232   10      0      0     0.0000     0.0000 dump_index_table_data
233   10      7      6    10.0000     0.0000 call_out
234   10      0      0     0.0000     0.0000 call_out_info
235   10      0      0     0.0000     0.0000 find_call_out
236   10      4      1    10.0000     0.0000 remove_call_out
237   10      0      6     0.0000     0.0000 set_heart_beat
238   10      0      2     0.0000     0.0000 intp
239   10      0      3     0.0000     0.0000 objectp
240   10     15     16    10.0000     0.0000 pointerp
241   10     12      3    10.0000     0.0000 functionp
242   10     14      7    10.0000 22857.1426 mkmapping
243   10      0      0     0.0000     0.0000 load
244   10      0      1     0.0000     0.0000 x++
245   10      0      0     0.0000     0.0000 floatp
246   10      0      0     0.0000     0.0000 zero_type
247   10      0      0     0.0000     0.0000 regular_expressionp
248   10      2      2    10.0000 50000.0000 crypt
249   10      1      2    10.0000     0.0000 ctime
250   10      0      0     0.0000     0.0000 query_host_name
251   10      1      5    10.0000     0.0000 time
252   10      1      1    10.0000     0.0000 socket_listen
253   10      0      0     0.0000     0.0000 rusage
254   10      1      6    10.0000     0.0000 shutdown
255   10    311     40    21.3280   610.9325 copy_value
256   10      0      0     0.0000     0.0000 float
257   10      0      0     0.0000     0.0000 gc
258   10      0      0     0.0000     0.0000 break_point
259   10      0      0     0.0000     0.0000 size
260   10      0      0     0.0000     0.0000 version
261   10      0      0     0.0000     0.0000 debug_info
262   10      0      0     0.0000     0.0000 query_load_average
263   10      0      0     0.0000     0.0000 throw
264   10      0      0     0.0000     0.0000 get_varargs
265   10      0      0     0.0000     0.0000 set_max_eval_cost
266   10      0      0     0.0000     0.0000 reset_eval_cost
267   10      0      0     0.0000     0.0000 gets
268   10      0      0     0.0000     0.0000 getchar
269   10      0      1     0.0000     0.0000 exit
270   10      0      0     0.0000     0.0000 sleep
271   10      0      0     0.0000     0.0000 popen
272   10      0      0     0.0000     0.0000 fork
273   10      0      0     0.0000     0.0000 ceil
274   10      0      0     0.0000     0.0000 getenv
275   10      0      1     0.0000     0.0000 perror
276   10      0      0     0.0000     0.0000 cd
277   10      0      0     0.0000     0.0000 getcwd
278   10     41     10    10.0000   487.8049 lower_case
279   10      0      0     0.0000     0.0000 setugid
280   10    180    101    10.0000   111.1111 write
281   10      4      4    10.0000  2500.0000 db_get
282   10      3      3    10.0000     0.0000 db_set
283   10      0      0     0.0000     0.0000 db_delete
284   10      0      0     0.0000     0.0000 db_indices
285   10      0      0     0.0000     0.0000 strstr
286   10     29      7    10.0000     0.0000 geteuid
287   10      0      0     0.0000     0.0000 atan
288   10      0      0     0.0000     0.0000 db_flush
289   10      4      2    10.0000  7500.0000 restore_object
290   10      0      0     0.0000     0.0000 sqrt
291   10     46     17    10.0000  8043.4780 implode
292   10      0      3     0.0000     0.0000 search_array
